(kicad_pcb (version 20171130) (host pcbnew 5.1.0-060a0da~80~ubuntu18.10.1)

  (general
    (thickness 1.6)
    (drawings 0)
    (tracks 0)
    (zones 0)
    (modules 14)
    (nets 55)
  )

  (page A4)
  (layers
    (0 F.Cu signal)
    (31 B.Cu signal)
    (32 B.Adhes user)
    (33 F.Adhes user)
    (34 B.Paste user)
    (35 F.Paste user)
    (36 B.SilkS user)
    (37 F.SilkS user)
    (38 B.Mask user)
    (39 F.Mask user)
    (40 Dwgs.User user)
    (41 Cmts.User user)
    (42 Eco1.User user)
    (43 Eco2.User user)
    (44 Edge.Cuts user)
    (45 Margin user)
    (46 B.CrtYd user)
    (47 F.CrtYd user)
    (48 B.Fab user)
    (49 F.Fab user)
  )

  (setup
    (last_trace_width 0.25)
    (trace_clearance 0.2)
    (zone_clearance 0.508)
    (zone_45_only no)
    (trace_min 0.2)
    (via_size 0.8)
    (via_drill 0.4)
    (via_min_size 0.4)
    (via_min_drill 0.3)
    (uvia_size 0.3)
    (uvia_drill 0.1)
    (uvias_allowed no)
    (uvia_min_size 0.2)
    (uvia_min_drill 0.1)
    (edge_width 0.05)
    (segment_width 0.2)
    (pcb_text_width 0.3)
    (pcb_text_size 1.5 1.5)
    (mod_edge_width 0.12)
    (mod_text_size 1 1)
    (mod_text_width 0.15)
    (pad_size 1.524 1.524)
    (pad_drill 0.762)
    (pad_to_mask_clearance 0.051)
    (solder_mask_min_width 0.25)
    (aux_axis_origin 0 0)
    (visible_elements FFFFFF7F)
    (pcbplotparams
      (layerselection 0x010fc_ffffffff)
      (usegerberextensions false)
      (usegerberattributes false)
      (usegerberadvancedattributes false)
      (creategerberjobfile false)
      (excludeedgelayer true)
      (linewidth 0.100000)
      (plotframeref false)
      (viasonmask false)
      (mode 1)
      (useauxorigin false)
      (hpglpennumber 1)
      (hpglpenspeed 20)
      (hpglpendiameter 15.000000)
      (psnegative false)
      (psa4output false)
      (plotreference true)
      (plotvalue true)
      (plotinvisibletext false)
      (padsonsilk false)
      (subtractmaskfromsilk false)
      (outputformat 1)
      (mirror false)
      (drillshape 1)
      (scaleselection 1)
      (outputdirectory ""))
  )

  (net 0 "")
  (net 1 "Net-(D1-Pad2)")
  (net 2 GND)
  (net 3 "Net-(D2-Pad2)")
  (net 4 /POT1)
  (net 5 +3V3)
  (net 6 /SW1)
  (net 7 /SW2)
  (net 8 /SW3)
  (net 9 /SCL)
  (net 10 /SDA)
  (net 11 /DE1)
  (net 12 +5V)
  (net 13 "Net-(R11-Pad1)")
  (net 14 /~CS1)
  (net 15 "Net-(U1-Pad17)")
  (net 16 "Net-(U1-Pad18)")
  (net 17 "Net-(U1-Pad19)")
  (net 18 /SCK)
  (net 19 "Net-(U1-Pad16)")
  (net 20 "Net-(U1-Pad15)")
  (net 21 /MISO)
  (net 22 /OCTO2)
  (net 23 /OCTO6)
  (net 24 /OCTO7)
  (net 25 "Net-(U1-Pad32)")
  (net 26 "Net-(U1-Pad34)")
  (net 27 "Net-(U1-Pad35)")
  (net 28 "Net-(U1-Pad36)")
  (net 29 "Net-(U1-Pad37)")
  (net 30 /MOSI)
  (net 31 /OCTO4)
  (net 32 /OCTO3)
  (net 33 /OCTO5)
  (net 34 /OCTO8)
  (net 35 "Net-(U1-Pad6)")
  (net 36 "Net-(U1-Pad5)")
  (net 37 /OCTO1)
  (net 38 /TX1)
  (net 39 /RX1)
  (net 40 "Net-(U1-Pad38)")
  (net 41 "Net-(U1-Pad39)")
  (net 42 "Net-(U1-Pad40)")
  (net 43 "Net-(U1-Pad41)")
  (net 44 "Net-(U1-Pad42)")
  (net 45 "Net-(U1-Pad43)")
  (net 46 "Net-(U1-Pad44)")
  (net 47 "Net-(U1-Pad45)")
  (net 48 "Net-(U1-Pad46)")
  (net 49 "Net-(U1-Pad47)")
  (net 50 "Net-(U1-Pad48)")
  (net 51 "Net-(U1-Pad49)")
  (net 52 "Net-(U1-Pad50)")
  (net 53 "Net-(U1-Pad51)")
  (net 54 "Net-(U1-Pad52)")

  (net_class Default "This is the default net class."
    (clearance 0.2)
    (trace_width 0.25)
    (via_dia 0.8)
    (via_drill 0.4)
    (uvia_dia 0.3)
    (uvia_drill 0.1)
    (add_net +3V3)
    (add_net +5V)
    (add_net /DE1)
    (add_net /MISO)
    (add_net /MOSI)
    (add_net /OCTO1)
    (add_net /OCTO2)
    (add_net /OCTO3)
    (add_net /OCTO4)
    (add_net /OCTO5)
    (add_net /OCTO6)
    (add_net /OCTO7)
    (add_net /OCTO8)
    (add_net /POT1)
    (add_net /RX1)
    (add_net /SCK)
    (add_net /SCL)
    (add_net /SDA)
    (add_net /SW1)
    (add_net /SW2)
    (add_net /SW3)
    (add_net /TX1)
    (add_net /~CS1)
    (add_net GND)
    (add_net "Net-(D1-Pad2)")
    (add_net "Net-(D2-Pad2)")
    (add_net "Net-(R11-Pad1)")
    (add_net "Net-(U1-Pad15)")
    (add_net "Net-(U1-Pad16)")
    (add_net "Net-(U1-Pad17)")
    (add_net "Net-(U1-Pad18)")
    (add_net "Net-(U1-Pad19)")
    (add_net "Net-(U1-Pad32)")
    (add_net "Net-(U1-Pad34)")
    (add_net "Net-(U1-Pad35)")
    (add_net "Net-(U1-Pad36)")
    (add_net "Net-(U1-Pad37)")
    (add_net "Net-(U1-Pad38)")
    (add_net "Net-(U1-Pad39)")
    (add_net "Net-(U1-Pad40)")
    (add_net "Net-(U1-Pad41)")
    (add_net "Net-(U1-Pad42)")
    (add_net "Net-(U1-Pad43)")
    (add_net "Net-(U1-Pad44)")
    (add_net "Net-(U1-Pad45)")
    (add_net "Net-(U1-Pad46)")
    (add_net "Net-(U1-Pad47)")
    (add_net "Net-(U1-Pad48)")
    (add_net "Net-(U1-Pad49)")
    (add_net "Net-(U1-Pad5)")
    (add_net "Net-(U1-Pad50)")
    (add_net "Net-(U1-Pad51)")
    (add_net "Net-(U1-Pad52)")
    (add_net "Net-(U1-Pad6)")
  )

  (module Diode_SMD:D_1206_3216Metric_Pad1.42x1.75mm_HandSolder (layer F.Cu) (tedit 5B4B45C8) (tstamp 5CB17E12)
    (at 113.2475 89.916)
    (descr "Diode SMD 1206 (3216 Metric), square (rectangular) end terminal, IPC_7351 nominal, (Body size source: http://www.tortai-tech.com/upload/download/2011102023233369053.pdf), generated with kicad-footprint-generator")
    (tags "diode handsolder")
    (path /5CAF9509)
    (attr smd)
    (fp_text reference D1 (at 0 -1.82) (layer F.SilkS)
      (effects (font (size 1 1) (thickness 0.15)))
    )
    (fp_text value "BLUE LED" (at 0 1.82) (layer F.Fab)
      (effects (font (size 1 1) (thickness 0.15)))
    )
    (fp_text user %R (at 0 0) (layer F.Fab)
      (effects (font (size 0.8 0.8) (thickness 0.12)))
    )
    (fp_line (start 2.45 1.12) (end -2.45 1.12) (layer F.CrtYd) (width 0.05))
    (fp_line (start 2.45 -1.12) (end 2.45 1.12) (layer F.CrtYd) (width 0.05))
    (fp_line (start -2.45 -1.12) (end 2.45 -1.12) (layer F.CrtYd) (width 0.05))
    (fp_line (start -2.45 1.12) (end -2.45 -1.12) (layer F.CrtYd) (width 0.05))
    (fp_line (start -2.46 1.135) (end 1.6 1.135) (layer F.SilkS) (width 0.12))
    (fp_line (start -2.46 -1.135) (end -2.46 1.135) (layer F.SilkS) (width 0.12))
    (fp_line (start 1.6 -1.135) (end -2.46 -1.135) (layer F.SilkS) (width 0.12))
    (fp_line (start 1.6 0.8) (end 1.6 -0.8) (layer F.Fab) (width 0.1))
    (fp_line (start -1.6 0.8) (end 1.6 0.8) (layer F.Fab) (width 0.1))
    (fp_line (start -1.6 -0.4) (end -1.6 0.8) (layer F.Fab) (width 0.1))
    (fp_line (start -1.2 -0.8) (end -1.6 -0.4) (layer F.Fab) (width 0.1))
    (fp_line (start 1.6 -0.8) (end -1.2 -0.8) (layer F.Fab) (width 0.1))
    (pad 2 smd roundrect (at 1.4875 0) (size 1.425 1.75) (layers F.Cu F.Paste F.Mask) (roundrect_rratio 0.175439)
      (net 1 "Net-(D1-Pad2)"))
    (pad 1 smd roundrect (at -1.4875 0) (size 1.425 1.75) (layers F.Cu F.Paste F.Mask) (roundrect_rratio 0.175439)
      (net 2 GND))
    (model ${KISYS3DMOD}/Diode_SMD.3dshapes/D_1206_3216Metric.wrl
      (at (xyz 0 0 0))
      (scale (xyz 1 1 1))
      (rotate (xyz 0 0 0))
    )
  )

  (module Diode_SMD:D_1206_3216Metric_Pad1.42x1.75mm_HandSolder (layer F.Cu) (tedit 5B4B45C8) (tstamp 5CB17374)
    (at 128.4875 52.07)
    (descr "Diode SMD 1206 (3216 Metric), square (rectangular) end terminal, IPC_7351 nominal, (Body size source: http://www.tortai-tech.com/upload/download/2011102023233369053.pdf), generated with kicad-footprint-generator")
    (tags "diode handsolder")
    (path /5CE1FAFD)
    (attr smd)
    (fp_text reference D2 (at 0 -1.82) (layer F.SilkS)
      (effects (font (size 1 1) (thickness 0.15)))
    )
    (fp_text value "RED LED" (at 0 1.82) (layer F.Fab)
      (effects (font (size 1 1) (thickness 0.15)))
    )
    (fp_line (start 1.6 -0.8) (end -1.2 -0.8) (layer F.Fab) (width 0.1))
    (fp_line (start -1.2 -0.8) (end -1.6 -0.4) (layer F.Fab) (width 0.1))
    (fp_line (start -1.6 -0.4) (end -1.6 0.8) (layer F.Fab) (width 0.1))
    (fp_line (start -1.6 0.8) (end 1.6 0.8) (layer F.Fab) (width 0.1))
    (fp_line (start 1.6 0.8) (end 1.6 -0.8) (layer F.Fab) (width 0.1))
    (fp_line (start 1.6 -1.135) (end -2.46 -1.135) (layer F.SilkS) (width 0.12))
    (fp_line (start -2.46 -1.135) (end -2.46 1.135) (layer F.SilkS) (width 0.12))
    (fp_line (start -2.46 1.135) (end 1.6 1.135) (layer F.SilkS) (width 0.12))
    (fp_line (start -2.45 1.12) (end -2.45 -1.12) (layer F.CrtYd) (width 0.05))
    (fp_line (start -2.45 -1.12) (end 2.45 -1.12) (layer F.CrtYd) (width 0.05))
    (fp_line (start 2.45 -1.12) (end 2.45 1.12) (layer F.CrtYd) (width 0.05))
    (fp_line (start 2.45 1.12) (end -2.45 1.12) (layer F.CrtYd) (width 0.05))
    (fp_text user %R (at 0 0) (layer F.Fab)
      (effects (font (size 0.8 0.8) (thickness 0.12)))
    )
    (pad 1 smd roundrect (at -1.4875 0) (size 1.425 1.75) (layers F.Cu F.Paste F.Mask) (roundrect_rratio 0.175439)
      (net 2 GND))
    (pad 2 smd roundrect (at 1.4875 0) (size 1.425 1.75) (layers F.Cu F.Paste F.Mask) (roundrect_rratio 0.175439)
      (net 3 "Net-(D2-Pad2)"))
    (model ${KISYS3DMOD}/Diode_SMD.3dshapes/D_1206_3216Metric.wrl
      (at (xyz 0 0 0))
      (scale (xyz 1 1 1))
      (rotate (xyz 0 0 0))
    )
  )

  (module Resistor_SMD:R_1206_3216Metric_Pad1.42x1.75mm_HandSolder (layer F.Cu) (tedit 5B301BBD) (tstamp 5CB17F81)
    (at 161.036 59.9805 270)
    (descr "Resistor SMD 1206 (3216 Metric), square (rectangular) end terminal, IPC_7351 nominal with elongated pad for handsoldering. (Body size source: http://www.tortai-tech.com/upload/download/2011102023233369053.pdf), generated with kicad-footprint-generator")
    (tags "resistor handsolder")
    (path /5CBF60B1)
    (attr smd)
    (fp_text reference R1 (at 0 -1.82 270) (layer F.SilkS)
      (effects (font (size 1 1) (thickness 0.15)))
    )
    (fp_text value 10K (at 0 1.82 270) (layer F.Fab)
      (effects (font (size 1 1) (thickness 0.15)))
    )
    (fp_text user %R (at 0 0 270) (layer F.Fab)
      (effects (font (size 0.8 0.8) (thickness 0.12)))
    )
    (fp_line (start 2.45 1.12) (end -2.45 1.12) (layer F.CrtYd) (width 0.05))
    (fp_line (start 2.45 -1.12) (end 2.45 1.12) (layer F.CrtYd) (width 0.05))
    (fp_line (start -2.45 -1.12) (end 2.45 -1.12) (layer F.CrtYd) (width 0.05))
    (fp_line (start -2.45 1.12) (end -2.45 -1.12) (layer F.CrtYd) (width 0.05))
    (fp_line (start -0.602064 0.91) (end 0.602064 0.91) (layer F.SilkS) (width 0.12))
    (fp_line (start -0.602064 -0.91) (end 0.602064 -0.91) (layer F.SilkS) (width 0.12))
    (fp_line (start 1.6 0.8) (end -1.6 0.8) (layer F.Fab) (width 0.1))
    (fp_line (start 1.6 -0.8) (end 1.6 0.8) (layer F.Fab) (width 0.1))
    (fp_line (start -1.6 -0.8) (end 1.6 -0.8) (layer F.Fab) (width 0.1))
    (fp_line (start -1.6 0.8) (end -1.6 -0.8) (layer F.Fab) (width 0.1))
    (pad 2 smd roundrect (at 1.4875 0 270) (size 1.425 1.75) (layers F.Cu F.Paste F.Mask) (roundrect_rratio 0.175439)
      (net 4 /POT1))
    (pad 1 smd roundrect (at -1.4875 0 270) (size 1.425 1.75) (layers F.Cu F.Paste F.Mask) (roundrect_rratio 0.175439)
      (net 5 +3V3))
    (model ${KISYS3DMOD}/Resistor_SMD.3dshapes/R_1206_3216Metric.wrl
      (at (xyz 0 0 0))
      (scale (xyz 1 1 1))
      (rotate (xyz 0 0 0))
    )
  )

  (module Resistor_SMD:R_1206_3216Metric_Pad1.42x1.75mm_HandSolder (layer F.Cu) (tedit 5B301BBD) (tstamp 5CB16E49)
    (at 155.956 55.4085 270)
    (descr "Resistor SMD 1206 (3216 Metric), square (rectangular) end terminal, IPC_7351 nominal with elongated pad for handsoldering. (Body size source: http://www.tortai-tech.com/upload/download/2011102023233369053.pdf), generated with kicad-footprint-generator")
    (tags "resistor handsolder")
    (path /5CB63ACB)
    (attr smd)
    (fp_text reference R2 (at 0 -1.82 270) (layer F.SilkS)
      (effects (font (size 1 1) (thickness 0.15)))
    )
    (fp_text value 10K (at 0 1.82 270) (layer F.Fab)
      (effects (font (size 1 1) (thickness 0.15)))
    )
    (fp_line (start -1.6 0.8) (end -1.6 -0.8) (layer F.Fab) (width 0.1))
    (fp_line (start -1.6 -0.8) (end 1.6 -0.8) (layer F.Fab) (width 0.1))
    (fp_line (start 1.6 -0.8) (end 1.6 0.8) (layer F.Fab) (width 0.1))
    (fp_line (start 1.6 0.8) (end -1.6 0.8) (layer F.Fab) (width 0.1))
    (fp_line (start -0.602064 -0.91) (end 0.602064 -0.91) (layer F.SilkS) (width 0.12))
    (fp_line (start -0.602064 0.91) (end 0.602064 0.91) (layer F.SilkS) (width 0.12))
    (fp_line (start -2.45 1.12) (end -2.45 -1.12) (layer F.CrtYd) (width 0.05))
    (fp_line (start -2.45 -1.12) (end 2.45 -1.12) (layer F.CrtYd) (width 0.05))
    (fp_line (start 2.45 -1.12) (end 2.45 1.12) (layer F.CrtYd) (width 0.05))
    (fp_line (start 2.45 1.12) (end -2.45 1.12) (layer F.CrtYd) (width 0.05))
    (fp_text user %R (at 0 0 270) (layer F.Fab)
      (effects (font (size 0.8 0.8) (thickness 0.12)))
    )
    (pad 1 smd roundrect (at -1.4875 0 270) (size 1.425 1.75) (layers F.Cu F.Paste F.Mask) (roundrect_rratio 0.175439)
      (net 5 +3V3))
    (pad 2 smd roundrect (at 1.4875 0 270) (size 1.425 1.75) (layers F.Cu F.Paste F.Mask) (roundrect_rratio 0.175439)
      (net 6 /SW1))
    (model ${KISYS3DMOD}/Resistor_SMD.3dshapes/R_1206_3216Metric.wrl
      (at (xyz 0 0 0))
      (scale (xyz 1 1 1))
      (rotate (xyz 0 0 0))
    )
  )

  (module Resistor_SMD:R_1206_3216Metric_Pad1.42x1.75mm_HandSolder (layer F.Cu) (tedit 5B301BBD) (tstamp 5CB17A9E)
    (at 144.78 58.8375 270)
    (descr "Resistor SMD 1206 (3216 Metric), square (rectangular) end terminal, IPC_7351 nominal with elongated pad for handsoldering. (Body size source: http://www.tortai-tech.com/upload/download/2011102023233369053.pdf), generated with kicad-footprint-generator")
    (tags "resistor handsolder")
    (path /5CB639B7)
    (attr smd)
    (fp_text reference R3 (at 0 -1.82 270) (layer F.SilkS)
      (effects (font (size 1 1) (thickness 0.15)))
    )
    (fp_text value 10K (at 0 1.82 270) (layer F.Fab)
      (effects (font (size 1 1) (thickness 0.15)))
    )
    (fp_text user %R (at 0 0 270) (layer F.Fab)
      (effects (font (size 0.8 0.8) (thickness 0.12)))
    )
    (fp_line (start 2.45 1.12) (end -2.45 1.12) (layer F.CrtYd) (width 0.05))
    (fp_line (start 2.45 -1.12) (end 2.45 1.12) (layer F.CrtYd) (width 0.05))
    (fp_line (start -2.45 -1.12) (end 2.45 -1.12) (layer F.CrtYd) (width 0.05))
    (fp_line (start -2.45 1.12) (end -2.45 -1.12) (layer F.CrtYd) (width 0.05))
    (fp_line (start -0.602064 0.91) (end 0.602064 0.91) (layer F.SilkS) (width 0.12))
    (fp_line (start -0.602064 -0.91) (end 0.602064 -0.91) (layer F.SilkS) (width 0.12))
    (fp_line (start 1.6 0.8) (end -1.6 0.8) (layer F.Fab) (width 0.1))
    (fp_line (start 1.6 -0.8) (end 1.6 0.8) (layer F.Fab) (width 0.1))
    (fp_line (start -1.6 -0.8) (end 1.6 -0.8) (layer F.Fab) (width 0.1))
    (fp_line (start -1.6 0.8) (end -1.6 -0.8) (layer F.Fab) (width 0.1))
    (pad 2 smd roundrect (at 1.4875 0 270) (size 1.425 1.75) (layers F.Cu F.Paste F.Mask) (roundrect_rratio 0.175439)
      (net 7 /SW2))
    (pad 1 smd roundrect (at -1.4875 0 270) (size 1.425 1.75) (layers F.Cu F.Paste F.Mask) (roundrect_rratio 0.175439)
      (net 5 +3V3))
    (model ${KISYS3DMOD}/Resistor_SMD.3dshapes/R_1206_3216Metric.wrl
      (at (xyz 0 0 0))
      (scale (xyz 1 1 1))
      (rotate (xyz 0 0 0))
    )
  )

  (module Resistor_SMD:R_1206_3216Metric_Pad1.42x1.75mm_HandSolder (layer F.Cu) (tedit 5B301BBD) (tstamp 5CB16EA9)
    (at 166.116 55.3355 90)
    (descr "Resistor SMD 1206 (3216 Metric), square (rectangular) end terminal, IPC_7351 nominal with elongated pad for handsoldering. (Body size source: http://www.tortai-tech.com/upload/download/2011102023233369053.pdf), generated with kicad-footprint-generator")
    (tags "resistor handsolder")
    (path /5CB636D5)
    (attr smd)
    (fp_text reference R4 (at 0 -1.82 90) (layer F.SilkS)
      (effects (font (size 1 1) (thickness 0.15)))
    )
    (fp_text value 10K (at 0 1.82 90) (layer F.Fab)
      (effects (font (size 1 1) (thickness 0.15)))
    )
    (fp_line (start -1.6 0.8) (end -1.6 -0.8) (layer F.Fab) (width 0.1))
    (fp_line (start -1.6 -0.8) (end 1.6 -0.8) (layer F.Fab) (width 0.1))
    (fp_line (start 1.6 -0.8) (end 1.6 0.8) (layer F.Fab) (width 0.1))
    (fp_line (start 1.6 0.8) (end -1.6 0.8) (layer F.Fab) (width 0.1))
    (fp_line (start -0.602064 -0.91) (end 0.602064 -0.91) (layer F.SilkS) (width 0.12))
    (fp_line (start -0.602064 0.91) (end 0.602064 0.91) (layer F.SilkS) (width 0.12))
    (fp_line (start -2.45 1.12) (end -2.45 -1.12) (layer F.CrtYd) (width 0.05))
    (fp_line (start -2.45 -1.12) (end 2.45 -1.12) (layer F.CrtYd) (width 0.05))
    (fp_line (start 2.45 -1.12) (end 2.45 1.12) (layer F.CrtYd) (width 0.05))
    (fp_line (start 2.45 1.12) (end -2.45 1.12) (layer F.CrtYd) (width 0.05))
    (fp_text user %R (at 0 0 90) (layer F.Fab)
      (effects (font (size 0.8 0.8) (thickness 0.12)))
    )
    (pad 1 smd roundrect (at -1.4875 0 90) (size 1.425 1.75) (layers F.Cu F.Paste F.Mask) (roundrect_rratio 0.175439)
      (net 5 +3V3))
    (pad 2 smd roundrect (at 1.4875 0 90) (size 1.425 1.75) (layers F.Cu F.Paste F.Mask) (roundrect_rratio 0.175439)
      (net 8 /SW3))
    (model ${KISYS3DMOD}/Resistor_SMD.3dshapes/R_1206_3216Metric.wrl
      (at (xyz 0 0 0))
      (scale (xyz 1 1 1))
      (rotate (xyz 0 0 0))
    )
  )

  (module Resistor_SMD:R_1206_3216Metric_Pad1.42x1.75mm_HandSolder (layer F.Cu) (tedit 5B301BBD) (tstamp 5CB17C86)
    (at 135.255 58.2025 90)
    (descr "Resistor SMD 1206 (3216 Metric), square (rectangular) end terminal, IPC_7351 nominal with elongated pad for handsoldering. (Body size source: http://www.tortai-tech.com/upload/download/2011102023233369053.pdf), generated with kicad-footprint-generator")
    (tags "resistor handsolder")
    (path /5CDE9D9E)
    (attr smd)
    (fp_text reference R5 (at 0 -1.82 90) (layer F.SilkS)
      (effects (font (size 1 1) (thickness 0.15)))
    )
    (fp_text value 4K7 (at 0 1.82 90) (layer F.Fab)
      (effects (font (size 1 1) (thickness 0.15)))
    )
    (fp_text user %R (at 0 0 90) (layer F.Fab)
      (effects (font (size 0.8 0.8) (thickness 0.12)))
    )
    (fp_line (start 2.45 1.12) (end -2.45 1.12) (layer F.CrtYd) (width 0.05))
    (fp_line (start 2.45 -1.12) (end 2.45 1.12) (layer F.CrtYd) (width 0.05))
    (fp_line (start -2.45 -1.12) (end 2.45 -1.12) (layer F.CrtYd) (width 0.05))
    (fp_line (start -2.45 1.12) (end -2.45 -1.12) (layer F.CrtYd) (width 0.05))
    (fp_line (start -0.602064 0.91) (end 0.602064 0.91) (layer F.SilkS) (width 0.12))
    (fp_line (start -0.602064 -0.91) (end 0.602064 -0.91) (layer F.SilkS) (width 0.12))
    (fp_line (start 1.6 0.8) (end -1.6 0.8) (layer F.Fab) (width 0.1))
    (fp_line (start 1.6 -0.8) (end 1.6 0.8) (layer F.Fab) (width 0.1))
    (fp_line (start -1.6 -0.8) (end 1.6 -0.8) (layer F.Fab) (width 0.1))
    (fp_line (start -1.6 0.8) (end -1.6 -0.8) (layer F.Fab) (width 0.1))
    (pad 2 smd roundrect (at 1.4875 0 90) (size 1.425 1.75) (layers F.Cu F.Paste F.Mask) (roundrect_rratio 0.175439)
      (net 9 /SCL))
    (pad 1 smd roundrect (at -1.4875 0 90) (size 1.425 1.75) (layers F.Cu F.Paste F.Mask) (roundrect_rratio 0.175439)
      (net 5 +3V3))
    (model ${KISYS3DMOD}/Resistor_SMD.3dshapes/R_1206_3216Metric.wrl
      (at (xyz 0 0 0))
      (scale (xyz 1 1 1))
      (rotate (xyz 0 0 0))
    )
  )

  (module Resistor_SMD:R_1206_3216Metric_Pad1.42x1.75mm_HandSolder (layer F.Cu) (tedit 5B301BBD) (tstamp 5CB179EC)
    (at 140.335 58.6375 270)
    (descr "Resistor SMD 1206 (3216 Metric), square (rectangular) end terminal, IPC_7351 nominal with elongated pad for handsoldering. (Body size source: http://www.tortai-tech.com/upload/download/2011102023233369053.pdf), generated with kicad-footprint-generator")
    (tags "resistor handsolder")
    (path /5CDE9B8E)
    (attr smd)
    (fp_text reference R6 (at 0 -1.82 270) (layer F.SilkS)
      (effects (font (size 1 1) (thickness 0.15)))
    )
    (fp_text value 4K7 (at 0 1.82 270) (layer F.Fab)
      (effects (font (size 1 1) (thickness 0.15)))
    )
    (fp_line (start -1.6 0.8) (end -1.6 -0.8) (layer F.Fab) (width 0.1))
    (fp_line (start -1.6 -0.8) (end 1.6 -0.8) (layer F.Fab) (width 0.1))
    (fp_line (start 1.6 -0.8) (end 1.6 0.8) (layer F.Fab) (width 0.1))
    (fp_line (start 1.6 0.8) (end -1.6 0.8) (layer F.Fab) (width 0.1))
    (fp_line (start -0.602064 -0.91) (end 0.602064 -0.91) (layer F.SilkS) (width 0.12))
    (fp_line (start -0.602064 0.91) (end 0.602064 0.91) (layer F.SilkS) (width 0.12))
    (fp_line (start -2.45 1.12) (end -2.45 -1.12) (layer F.CrtYd) (width 0.05))
    (fp_line (start -2.45 -1.12) (end 2.45 -1.12) (layer F.CrtYd) (width 0.05))
    (fp_line (start 2.45 -1.12) (end 2.45 1.12) (layer F.CrtYd) (width 0.05))
    (fp_line (start 2.45 1.12) (end -2.45 1.12) (layer F.CrtYd) (width 0.05))
    (fp_text user %R (at 0 0 270) (layer F.Fab)
      (effects (font (size 0.8 0.8) (thickness 0.12)))
    )
    (pad 1 smd roundrect (at -1.4875 0 270) (size 1.425 1.75) (layers F.Cu F.Paste F.Mask) (roundrect_rratio 0.175439)
      (net 5 +3V3))
    (pad 2 smd roundrect (at 1.4875 0 270) (size 1.425 1.75) (layers F.Cu F.Paste F.Mask) (roundrect_rratio 0.175439)
      (net 10 /SDA))
    (model ${KISYS3DMOD}/Resistor_SMD.3dshapes/R_1206_3216Metric.wrl
      (at (xyz 0 0 0))
      (scale (xyz 1 1 1))
      (rotate (xyz 0 0 0))
    )
  )

  (module Resistor_SMD:R_1206_3216Metric_Pad1.42x1.75mm_HandSolder (layer F.Cu) (tedit 5B301BBD) (tstamp 5CB17C04)
    (at 151.13 87.8475 270)
    (descr "Resistor SMD 1206 (3216 Metric), square (rectangular) end terminal, IPC_7351 nominal with elongated pad for handsoldering. (Body size source: http://www.tortai-tech.com/upload/download/2011102023233369053.pdf), generated with kicad-footprint-generator")
    (tags "resistor handsolder")
    (path /5CE8620F)
    (attr smd)
    (fp_text reference R7 (at 0 -1.82 270) (layer F.SilkS)
      (effects (font (size 1 1) (thickness 0.15)))
    )
    (fp_text value 10K (at 0 1.82 270) (layer F.Fab)
      (effects (font (size 1 1) (thickness 0.15)))
    )
    (fp_text user %R (at 0 0 270) (layer F.Fab)
      (effects (font (size 0.8 0.8) (thickness 0.12)))
    )
    (fp_line (start 2.45 1.12) (end -2.45 1.12) (layer F.CrtYd) (width 0.05))
    (fp_line (start 2.45 -1.12) (end 2.45 1.12) (layer F.CrtYd) (width 0.05))
    (fp_line (start -2.45 -1.12) (end 2.45 -1.12) (layer F.CrtYd) (width 0.05))
    (fp_line (start -2.45 1.12) (end -2.45 -1.12) (layer F.CrtYd) (width 0.05))
    (fp_line (start -0.602064 0.91) (end 0.602064 0.91) (layer F.SilkS) (width 0.12))
    (fp_line (start -0.602064 -0.91) (end 0.602064 -0.91) (layer F.SilkS) (width 0.12))
    (fp_line (start 1.6 0.8) (end -1.6 0.8) (layer F.Fab) (width 0.1))
    (fp_line (start 1.6 -0.8) (end 1.6 0.8) (layer F.Fab) (width 0.1))
    (fp_line (start -1.6 -0.8) (end 1.6 -0.8) (layer F.Fab) (width 0.1))
    (fp_line (start -1.6 0.8) (end -1.6 -0.8) (layer F.Fab) (width 0.1))
    (pad 2 smd roundrect (at 1.4875 0 270) (size 1.425 1.75) (layers F.Cu F.Paste F.Mask) (roundrect_rratio 0.175439)
      (net 2 GND))
    (pad 1 smd roundrect (at -1.4875 0 270) (size 1.425 1.75) (layers F.Cu F.Paste F.Mask) (roundrect_rratio 0.175439)
      (net 11 /DE1))
    (model ${KISYS3DMOD}/Resistor_SMD.3dshapes/R_1206_3216Metric.wrl
      (at (xyz 0 0 0))
      (scale (xyz 1 1 1))
      (rotate (xyz 0 0 0))
    )
  )

  (module Resistor_SMD:R_1206_3216Metric_Pad1.42x1.75mm_HandSolder (layer F.Cu) (tedit 5B301BBD) (tstamp 5CB17E9E)
    (at 107.6595 89.916)
    (descr "Resistor SMD 1206 (3216 Metric), square (rectangular) end terminal, IPC_7351 nominal with elongated pad for handsoldering. (Body size source: http://www.tortai-tech.com/upload/download/2011102023233369053.pdf), generated with kicad-footprint-generator")
    (tags "resistor handsolder")
    (path /5CAFC6EE)
    (attr smd)
    (fp_text reference R10 (at 0 -1.82) (layer F.SilkS)
      (effects (font (size 1 1) (thickness 0.15)))
    )
    (fp_text value 100 (at 0 1.82) (layer F.Fab)
      (effects (font (size 1 1) (thickness 0.15)))
    )
    (fp_text user %R (at 0 0) (layer F.Fab)
      (effects (font (size 0.8 0.8) (thickness 0.12)))
    )
    (fp_line (start 2.45 1.12) (end -2.45 1.12) (layer F.CrtYd) (width 0.05))
    (fp_line (start 2.45 -1.12) (end 2.45 1.12) (layer F.CrtYd) (width 0.05))
    (fp_line (start -2.45 -1.12) (end 2.45 -1.12) (layer F.CrtYd) (width 0.05))
    (fp_line (start -2.45 1.12) (end -2.45 -1.12) (layer F.CrtYd) (width 0.05))
    (fp_line (start -0.602064 0.91) (end 0.602064 0.91) (layer F.SilkS) (width 0.12))
    (fp_line (start -0.602064 -0.91) (end 0.602064 -0.91) (layer F.SilkS) (width 0.12))
    (fp_line (start 1.6 0.8) (end -1.6 0.8) (layer F.Fab) (width 0.1))
    (fp_line (start 1.6 -0.8) (end 1.6 0.8) (layer F.Fab) (width 0.1))
    (fp_line (start -1.6 -0.8) (end 1.6 -0.8) (layer F.Fab) (width 0.1))
    (fp_line (start -1.6 0.8) (end -1.6 -0.8) (layer F.Fab) (width 0.1))
    (pad 2 smd roundrect (at 1.4875 0) (size 1.425 1.75) (layers F.Cu F.Paste F.Mask) (roundrect_rratio 0.175439)
      (net 1 "Net-(D1-Pad2)"))
    (pad 1 smd roundrect (at -1.4875 0) (size 1.425 1.75) (layers F.Cu F.Paste F.Mask) (roundrect_rratio 0.175439)
      (net 12 +5V))
    (model ${KISYS3DMOD}/Resistor_SMD.3dshapes/R_1206_3216Metric.wrl
      (at (xyz 0 0 0))
      (scale (xyz 1 1 1))
      (rotate (xyz 0 0 0))
    )
  )

  (module Resistor_SMD:R_1206_3216Metric_Pad1.42x1.75mm_HandSolder (layer F.Cu) (tedit 5B301BBD) (tstamp 5CB17400)
    (at 128.4875 57.15)
    (descr "Resistor SMD 1206 (3216 Metric), square (rectangular) end terminal, IPC_7351 nominal with elongated pad for handsoldering. (Body size source: http://www.tortai-tech.com/upload/download/2011102023233369053.pdf), generated with kicad-footprint-generator")
    (tags "resistor handsolder")
    (path /5CE1C5A0)
    (attr smd)
    (fp_text reference R11 (at 0 -1.82) (layer F.SilkS)
      (effects (font (size 1 1) (thickness 0.15)))
    )
    (fp_text value 220 (at 0 1.82) (layer F.Fab)
      (effects (font (size 1 1) (thickness 0.15)))
    )
    (fp_line (start -1.6 0.8) (end -1.6 -0.8) (layer F.Fab) (width 0.1))
    (fp_line (start -1.6 -0.8) (end 1.6 -0.8) (layer F.Fab) (width 0.1))
    (fp_line (start 1.6 -0.8) (end 1.6 0.8) (layer F.Fab) (width 0.1))
    (fp_line (start 1.6 0.8) (end -1.6 0.8) (layer F.Fab) (width 0.1))
    (fp_line (start -0.602064 -0.91) (end 0.602064 -0.91) (layer F.SilkS) (width 0.12))
    (fp_line (start -0.602064 0.91) (end 0.602064 0.91) (layer F.SilkS) (width 0.12))
    (fp_line (start -2.45 1.12) (end -2.45 -1.12) (layer F.CrtYd) (width 0.05))
    (fp_line (start -2.45 -1.12) (end 2.45 -1.12) (layer F.CrtYd) (width 0.05))
    (fp_line (start 2.45 -1.12) (end 2.45 1.12) (layer F.CrtYd) (width 0.05))
    (fp_line (start 2.45 1.12) (end -2.45 1.12) (layer F.CrtYd) (width 0.05))
    (fp_text user %R (at 0 0) (layer F.Fab)
      (effects (font (size 0.8 0.8) (thickness 0.12)))
    )
    (pad 1 smd roundrect (at -1.4875 0) (size 1.425 1.75) (layers F.Cu F.Paste F.Mask) (roundrect_rratio 0.175439)
      (net 13 "Net-(R11-Pad1)"))
    (pad 2 smd roundrect (at 1.4875 0) (size 1.425 1.75) (layers F.Cu F.Paste F.Mask) (roundrect_rratio 0.175439)
      (net 3 "Net-(D2-Pad2)"))
    (model ${KISYS3DMOD}/Resistor_SMD.3dshapes/R_1206_3216Metric.wrl
      (at (xyz 0 0 0))
      (scale (xyz 1 1 1))
      (rotate (xyz 0 0 0))
    )
  )

  (module Resistor_SMD:R_1206_3216Metric_Pad1.42x1.75mm_HandSolder (layer F.Cu) (tedit 5B301BBD) (tstamp 5CB176F0)
    (at 146.05 87.8475 90)
    (descr "Resistor SMD 1206 (3216 Metric), square (rectangular) end terminal, IPC_7351 nominal with elongated pad for handsoldering. (Body size source: http://www.tortai-tech.com/upload/download/2011102023233369053.pdf), generated with kicad-footprint-generator")
    (tags "resistor handsolder")
    (path /5CCC9F33)
    (attr smd)
    (fp_text reference R20 (at 0 -1.82 90) (layer F.SilkS)
      (effects (font (size 1 1) (thickness 0.15)))
    )
    (fp_text value 10K (at 0 1.82 90) (layer F.Fab)
      (effects (font (size 1 1) (thickness 0.15)))
    )
    (fp_line (start -1.6 0.8) (end -1.6 -0.8) (layer F.Fab) (width 0.1))
    (fp_line (start -1.6 -0.8) (end 1.6 -0.8) (layer F.Fab) (width 0.1))
    (fp_line (start 1.6 -0.8) (end 1.6 0.8) (layer F.Fab) (width 0.1))
    (fp_line (start 1.6 0.8) (end -1.6 0.8) (layer F.Fab) (width 0.1))
    (fp_line (start -0.602064 -0.91) (end 0.602064 -0.91) (layer F.SilkS) (width 0.12))
    (fp_line (start -0.602064 0.91) (end 0.602064 0.91) (layer F.SilkS) (width 0.12))
    (fp_line (start -2.45 1.12) (end -2.45 -1.12) (layer F.CrtYd) (width 0.05))
    (fp_line (start -2.45 -1.12) (end 2.45 -1.12) (layer F.CrtYd) (width 0.05))
    (fp_line (start 2.45 -1.12) (end 2.45 1.12) (layer F.CrtYd) (width 0.05))
    (fp_line (start 2.45 1.12) (end -2.45 1.12) (layer F.CrtYd) (width 0.05))
    (fp_text user %R (at 0 0 90) (layer F.Fab)
      (effects (font (size 0.8 0.8) (thickness 0.12)))
    )
    (pad 1 smd roundrect (at -1.4875 0 90) (size 1.425 1.75) (layers F.Cu F.Paste F.Mask) (roundrect_rratio 0.175439)
      (net 5 +3V3))
    (pad 2 smd roundrect (at 1.4875 0 90) (size 1.425 1.75) (layers F.Cu F.Paste F.Mask) (roundrect_rratio 0.175439)
      (net 14 /~CS1))
    (model ${KISYS3DMOD}/Resistor_SMD.3dshapes/R_1206_3216Metric.wrl
      (at (xyz 0 0 0))
      (scale (xyz 1 1 1))
      (rotate (xyz 0 0 0))
    )
  )

  (module TestPoint:TestPoint_Pad_D1.0mm (layer F.Cu) (tedit 5A0F774F) (tstamp 5CB16DC5)
    (at 128.27 62.23)
    (descr "SMD pad as test Point, diameter 1.0mm")
    (tags "test point SMD pad")
    (path /5CE2575B)
    (attr virtual)
    (fp_text reference TP1 (at 0 -1.448) (layer F.SilkS)
      (effects (font (size 1 1) (thickness 0.15)))
    )
    (fp_text value TestPoint (at 0 1.55) (layer F.Fab)
      (effects (font (size 1 1) (thickness 0.15)))
    )
    (fp_text user %R (at 0 -1.45) (layer F.Fab)
      (effects (font (size 1 1) (thickness 0.15)))
    )
    (fp_circle (center 0 0) (end 1 0) (layer F.CrtYd) (width 0.05))
    (fp_circle (center 0 0) (end 0 0.7) (layer F.SilkS) (width 0.12))
    (pad 1 smd circle (at 0 0) (size 1 1) (layers F.Cu F.Mask)
      (net 13 "Net-(R11-Pad1)"))
  )

  (module Teensy:Teensy30_31_32_LC (layer F.Cu) (tedit 5A29202F) (tstamp 5CB17585)
    (at 137.16 74.93)
    (path /5CAE9019)
    (fp_text reference U1 (at 0 -10.16) (layer F.SilkS)
      (effects (font (size 1 1) (thickness 0.15)))
    )
    (fp_text value Teensy3.2 (at 0 10.16) (layer F.Fab)
      (effects (font (size 1 1) (thickness 0.15)))
    )
    (fp_text user T3.2 (at -10.16 -2.54 90) (layer F.SilkS)
      (effects (font (size 1 1) (thickness 0.15)))
    )
    (fp_text user T3.1 (at -6.35 -2.54 90) (layer F.SilkS)
      (effects (font (size 1 1) (thickness 0.15)))
    )
    (fp_line (start -17.78 3.81) (end -19.05 3.81) (layer F.SilkS) (width 0.15))
    (fp_line (start -19.05 3.81) (end -19.05 -3.81) (layer F.SilkS) (width 0.15))
    (fp_line (start -19.05 -3.81) (end -17.78 -3.81) (layer F.SilkS) (width 0.15))
    (fp_line (start -6.35 5.08) (end -2.54 5.08) (layer F.SilkS) (width 0.15))
    (fp_line (start -2.54 5.08) (end -2.54 2.54) (layer F.SilkS) (width 0.15))
    (fp_line (start -2.54 2.54) (end -6.35 2.54) (layer F.SilkS) (width 0.15))
    (fp_line (start -6.35 2.54) (end -6.35 5.08) (layer F.SilkS) (width 0.15))
    (fp_line (start -12.7 3.81) (end -12.7 -3.81) (layer F.SilkS) (width 0.15))
    (fp_line (start -12.7 -3.81) (end -17.78 -3.81) (layer F.SilkS) (width 0.15))
    (fp_line (start -12.7 3.81) (end -17.78 3.81) (layer F.SilkS) (width 0.15))
    (fp_line (start -11.43 5.08) (end -8.89 5.08) (layer F.SilkS) (width 0.15))
    (fp_line (start -8.89 5.08) (end -8.89 2.54) (layer F.SilkS) (width 0.15))
    (fp_line (start -8.89 2.54) (end -11.43 2.54) (layer F.SilkS) (width 0.15))
    (fp_line (start -11.43 2.54) (end -11.43 5.08) (layer F.SilkS) (width 0.15))
    (fp_line (start 15.24 -2.54) (end 15.24 2.54) (layer F.SilkS) (width 0.15))
    (fp_line (start 15.24 2.54) (end 12.7 2.54) (layer F.SilkS) (width 0.15))
    (fp_line (start 12.7 2.54) (end 12.7 -2.54) (layer F.SilkS) (width 0.15))
    (fp_line (start 12.7 -2.54) (end 15.24 -2.54) (layer F.SilkS) (width 0.15))
    (fp_line (start 8.89 5.08) (end 8.89 -5.08) (layer F.SilkS) (width 0.15))
    (fp_line (start 0 -5.08) (end 0 5.08) (layer F.SilkS) (width 0.15))
    (fp_line (start 8.89 -5.08) (end 0 -5.08) (layer F.SilkS) (width 0.15))
    (fp_line (start 8.89 5.08) (end 0 5.08) (layer F.SilkS) (width 0.15))
    (fp_line (start -17.78 -8.89) (end 17.78 -8.89) (layer F.SilkS) (width 0.15))
    (fp_line (start 17.78 -8.89) (end 17.78 8.89) (layer F.SilkS) (width 0.15))
    (fp_line (start 17.78 8.89) (end -17.78 8.89) (layer F.SilkS) (width 0.15))
    (fp_line (start -17.78 8.89) (end -17.78 -8.89) (layer F.SilkS) (width 0.15))
    (pad 17 thru_hole circle (at 16.51 0) (size 1.6 1.6) (drill 1.1) (layers *.Cu *.Mask F.SilkS)
      (net 15 "Net-(U1-Pad17)"))
    (pad 18 thru_hole circle (at 16.51 -2.54) (size 1.6 1.6) (drill 1.1) (layers *.Cu *.Mask F.SilkS)
      (net 16 "Net-(U1-Pad18)"))
    (pad 19 thru_hole circle (at 16.51 -5.08) (size 1.6 1.6) (drill 1.1) (layers *.Cu *.Mask F.SilkS)
      (net 17 "Net-(U1-Pad19)"))
    (pad 20 thru_hole circle (at 16.51 -7.62) (size 1.6 1.6) (drill 1.1) (layers *.Cu *.Mask F.SilkS)
      (net 18 /SCK))
    (pad 16 thru_hole circle (at 16.51 2.54) (size 1.6 1.6) (drill 1.1) (layers *.Cu *.Mask F.SilkS)
      (net 19 "Net-(U1-Pad16)"))
    (pad 15 thru_hole circle (at 16.51 5.08) (size 1.6 1.6) (drill 1.1) (layers *.Cu *.Mask F.SilkS)
      (net 20 "Net-(U1-Pad15)"))
    (pad 14 thru_hole circle (at 16.51 7.62) (size 1.6 1.6) (drill 1.1) (layers *.Cu *.Mask F.SilkS)
      (net 21 /MISO))
    (pad 21 thru_hole circle (at 13.97 -7.62) (size 1.6 1.6) (drill 1.1) (layers *.Cu *.Mask F.SilkS)
      (net 22 /OCTO2))
    (pad 22 thru_hole circle (at 11.43 -7.62) (size 1.6 1.6) (drill 1.1) (layers *.Cu *.Mask F.SilkS)
      (net 4 /POT1))
    (pad 23 thru_hole circle (at 8.89 -7.62) (size 1.6 1.6) (drill 1.1) (layers *.Cu *.Mask F.SilkS)
      (net 6 /SW1))
    (pad 24 thru_hole circle (at 6.35 -7.62) (size 1.6 1.6) (drill 1.1) (layers *.Cu *.Mask F.SilkS)
      (net 7 /SW2))
    (pad 25 thru_hole circle (at 3.81 -7.62) (size 1.6 1.6) (drill 1.1) (layers *.Cu *.Mask F.SilkS)
      (net 10 /SDA))
    (pad 26 thru_hole circle (at 1.27 -7.62) (size 1.6 1.6) (drill 1.1) (layers *.Cu *.Mask F.SilkS)
      (net 9 /SCL))
    (pad 27 thru_hole circle (at -1.27 -7.62) (size 1.6 1.6) (drill 1.1) (layers *.Cu *.Mask F.SilkS)
      (net 23 /OCTO6))
    (pad 28 thru_hole circle (at -3.81 -7.62) (size 1.6 1.6) (drill 1.1) (layers *.Cu *.Mask F.SilkS)
      (net 24 /OCTO7))
    (pad 29 thru_hole circle (at -6.35 -7.62) (size 1.6 1.6) (drill 1.1) (layers *.Cu *.Mask F.SilkS)
      (net 8 /SW3))
    (pad 30 thru_hole circle (at -8.89 -7.62) (size 1.6 1.6) (drill 1.1) (layers *.Cu *.Mask F.SilkS)
      (net 13 "Net-(R11-Pad1)"))
    (pad 31 thru_hole circle (at -11.43 -7.62) (size 1.6 1.6) (drill 1.1) (layers *.Cu *.Mask F.SilkS)
      (net 5 +3V3))
    (pad 32 thru_hole circle (at -13.97 -7.62) (size 1.6 1.6) (drill 1.1) (layers *.Cu *.Mask F.SilkS)
      (net 25 "Net-(U1-Pad32)"))
    (pad 33 thru_hole circle (at -16.51 -7.62) (size 1.6 1.6) (drill 1.1) (layers *.Cu *.Mask F.SilkS)
      (net 12 +5V))
    (pad 34 thru_hole circle (at -13.97 -5.08) (size 1.6 1.6) (drill 1.1) (layers *.Cu *.Mask F.SilkS)
      (net 26 "Net-(U1-Pad34)"))
    (pad 35 thru_hole circle (at -8.89 -5.08) (size 1.6 1.6) (drill 1.1) (layers *.Cu *.Mask F.SilkS)
      (net 27 "Net-(U1-Pad35)"))
    (pad 36 thru_hole circle (at -6.35 -5.08) (size 1.6 1.6) (drill 1.1) (layers *.Cu *.Mask F.SilkS)
      (net 28 "Net-(U1-Pad36)"))
    (pad 37 thru_hole circle (at -3.81 -5.08) (size 1.6 1.6) (drill 1.1) (layers *.Cu *.Mask F.SilkS)
      (net 29 "Net-(U1-Pad37)"))
    (pad 13 thru_hole circle (at 13.97 7.62) (size 1.6 1.6) (drill 1.1) (layers *.Cu *.Mask F.SilkS)
      (net 30 /MOSI))
    (pad 12 thru_hole circle (at 11.43 7.62) (size 1.6 1.6) (drill 1.1) (layers *.Cu *.Mask F.SilkS)
      (net 11 /DE1))
    (pad 11 thru_hole circle (at 8.89 7.62) (size 1.6 1.6) (drill 1.1) (layers *.Cu *.Mask F.SilkS)
      (net 14 /~CS1))
    (pad 10 thru_hole circle (at 6.35 7.62) (size 1.6 1.6) (drill 1.1) (layers *.Cu *.Mask F.SilkS)
      (net 31 /OCTO4))
    (pad 9 thru_hole circle (at 3.81 7.62) (size 1.6 1.6) (drill 1.1) (layers *.Cu *.Mask F.SilkS)
      (net 32 /OCTO3))
    (pad 8 thru_hole circle (at 1.27 7.62) (size 1.6 1.6) (drill 1.1) (layers *.Cu *.Mask F.SilkS)
      (net 33 /OCTO5))
    (pad 7 thru_hole circle (at -1.27 7.62) (size 1.6 1.6) (drill 1.1) (layers *.Cu *.Mask F.SilkS)
      (net 34 /OCTO8))
    (pad 6 thru_hole circle (at -3.81 7.62) (size 1.6 1.6) (drill 1.1) (layers *.Cu *.Mask F.SilkS)
      (net 35 "Net-(U1-Pad6)"))
    (pad 5 thru_hole circle (at -6.35 7.62) (size 1.6 1.6) (drill 1.1) (layers *.Cu *.Mask F.SilkS)
      (net 36 "Net-(U1-Pad5)"))
    (pad 4 thru_hole circle (at -8.89 7.62) (size 1.6 1.6) (drill 1.1) (layers *.Cu *.Mask F.SilkS)
      (net 37 /OCTO1))
    (pad 3 thru_hole circle (at -11.43 7.62) (size 1.6 1.6) (drill 1.1) (layers *.Cu *.Mask F.SilkS)
      (net 38 /TX1))
    (pad 2 thru_hole circle (at -13.97 7.62) (size 1.6 1.6) (drill 1.1) (layers *.Cu *.Mask F.SilkS)
      (net 39 /RX1))
    (pad 1 thru_hole rect (at -16.51 7.62) (size 1.6 1.6) (drill 1.1) (layers *.Cu *.Mask F.SilkS)
      (net 2 GND))
    (pad 38 thru_hole circle (at -1.27 0) (size 1.6 1.6) (drill 1.1) (layers *.Cu *.Mask)
      (net 40 "Net-(U1-Pad38)"))
    (pad 39 thru_hole circle (at 1.27 0) (size 1.6 1.6) (drill 1.1) (layers *.Cu *.Mask)
      (net 41 "Net-(U1-Pad39)"))
    (pad 40 thru_hole circle (at 3.81 0) (size 1.6 1.6) (drill 1.1) (layers *.Cu *.Mask)
      (net 42 "Net-(U1-Pad40)"))
    (pad 41 thru_hole circle (at 6.35 0) (size 1.6 1.6) (drill 1.1) (layers *.Cu *.Mask)
      (net 43 "Net-(U1-Pad41)"))
    (pad 42 thru_hole circle (at 8.89 0) (size 1.6 1.6) (drill 1.1) (layers *.Cu *.Mask)
      (net 44 "Net-(U1-Pad42)"))
    (pad 43 thru_hole circle (at 11.43 0) (size 1.6 1.6) (drill 1.1) (layers *.Cu *.Mask)
      (net 45 "Net-(U1-Pad43)"))
    (pad 44 thru_hole circle (at 13.97 0) (size 1.6 1.6) (drill 1.1) (layers *.Cu *.Mask)
      (net 46 "Net-(U1-Pad44)"))
    (pad 45 thru_hole circle (at 13.97 -2.54) (size 1.6 1.6) (drill 1.1) (layers *.Cu *.Mask)
      (net 47 "Net-(U1-Pad45)"))
    (pad 46 thru_hole circle (at 11.43 -2.54) (size 1.6 1.6) (drill 1.1) (layers *.Cu *.Mask)
      (net 48 "Net-(U1-Pad46)"))
    (pad 47 thru_hole circle (at 8.89 -2.54) (size 1.6 1.6) (drill 1.1) (layers *.Cu *.Mask)
      (net 49 "Net-(U1-Pad47)"))
    (pad 48 thru_hole circle (at 6.35 -2.54) (size 1.6 1.6) (drill 1.1) (layers *.Cu *.Mask)
      (net 50 "Net-(U1-Pad48)"))
    (pad 49 thru_hole circle (at 3.81 -2.54) (size 1.6 1.6) (drill 1.1) (layers *.Cu *.Mask)
      (net 51 "Net-(U1-Pad49)"))
    (pad 50 thru_hole circle (at 1.27 -2.54) (size 1.6 1.6) (drill 1.1) (layers *.Cu *.Mask)
      (net 52 "Net-(U1-Pad50)"))
    (pad 51 thru_hole circle (at -1.27 -2.54) (size 1.6 1.6) (drill 1.1) (layers *.Cu *.Mask)
      (net 53 "Net-(U1-Pad51)"))
    (pad 52 thru_hole circle (at -6.35 0) (size 1.9 1.9) (drill 0.5) (layers *.Cu *.Mask F.SilkS)
      (net 54 "Net-(U1-Pad52)"))
    (pad 52 thru_hole circle (at -10.16 0) (size 1.9 1.9) (drill 0.5) (layers *.Cu *.Mask F.SilkS)
      (net 54 "Net-(U1-Pad52)"))
  )

)
